Grupo que inclui o Aluno com o Nº 71369
MEIO-TP1 - Intervalos de tempo entre duas chegadas consecutivas às caixas (segundos)
5.3
4.6
5.8
3.2
9.8
2.0
18.3
3.2
10.3
6.0
12.8
9.5
12.9
14.4
5.5
23.2
0.0
6.1
2.7
15.7
2.2
1.4
1.3
7.6
7.5
1.9
18.7
16.5
28.3
6.0
7.5
8.8
1.7
26.3
6.3
23.3
22.3
3.0
33.7
23.3
7.4
23.0
11.9
40.2
3.1
13.0
10.6
12.4
2.2
16.8
5.9
12.5
0.7
48.1
10.3
4.5
15.8
17.8
2.2
12.2
2.4
15.8
5.9
10.4
3.1
3.9
7.0
20.0
23.5
2.4
5.6
0.2
9.0
0.7
6.9
8.4
16.0
4.9
19.0
4.3
4.6
31.7
6.2
10.3
14.5
26.1
13.0
11.1
0.9
7.4
14.3
3.2
1.5
3.3
16.5
5.9
5.2
11.2
0.7
8.9
11.3
2.8
7.0
5.3
0.3
8.4
23.2
14.3
15.4
16.9
7.1
15.1
0.7
30.3
10.4
9.5
1.5
17.7
3.9
9.4
7.4
2.6
13.0
9.5
3.4
4.2
16.3
20.1
3.8
8.0
26.2
10.4
4.9
12.7
9.1
20.7
14.2
11.7
0.1
21.8
3.3
11.0
1.4
3.7
3.1
15.1
5.1
26.8
4.5
7.9
38.3
10.5
0.8
4.4
3.2
20.9
1.2
22.8
2.2
17.1
1.9
4.8
11.5
2.0
18.1
12.6
8.6
5.3
6.4
13.2
14.8
8.7
3.6
3.0
19.5
31.4
26.6
1.9
4.7
4.2
25.4
3.5
2.8
9.6
2.6
11.3
0.7
15.4
16.6
11.6
32.2
28.1
26.0
14.0
2.3
2.2
3.7
0.3
1.4
25.3
10.4
7.3
30.4
5.8
13.0
10.6
1.4
9.5
16.1
18.5
10.8
26.5
15.7
7.3
0.8
4.8
11.3
9.7
31.1
0.8
11.5
2.7
2.3
10.3
6.2
13.7
5.4
2.5
2.5
15.0
20.9
1.9
0.2
9.6
19.0
11.2
5.9
6.9
12.1
5.3
1.5
7.3
13.4
19.0
2.9
20.3
12.2
0.9
1.5
6.6
18.2
20.3
11.3
5.1
4.0
8.6
37.0
7.8
2.8
36.9
8.2
0.3
6.5
12.0
12.3
1.5
3.9
8.0
1.2
16.8
12.1
0.8
6.0
19.3
8.3
1.4
8.4
7.9
40.1
14.4
4.0
5.3
0.9
23.6
18.7
11.1
28.4
15.4
10.9
12.8
14.5
1.0
4.1
0.2
16.4
2.0
3.7
34.7
38.4
4.6
3.0
6.4
30.7
1.3
1.7
22.5
3.4
7.0
3.9
6.2
12.7
26.3
0.8
2.9
3.3
8.4
1.1
2.5
11.3
16.7
5.0
10.7
8.1
16.5
14.1
7.9
2.5
27.8
38.3
1.6
1.4
2.8
0.1
14.3
10.9
0.5
2.4
5.7
6.3
10.4
4.8
2.9
3.8
39.0
5.8
2.7
15.3
7.5
37.9
2.3
14.9
2.2
25.3
2.4
11.4
24.1
20.9
1.5
9.0
7.5
1.4
3.2
12.4
12.8
19.0
0.4
19.2
23.1
16.7
32.9
4.6
2.0
1.7
16.9
6.6
45.3
12.3
19.8
20.4
8.5
3.6
4.5
2.4
11.8
2.3
2.1
1.3
15.2
12.1
11.9
2.7
10.8
1.4
0.7
4.9
5.6
2.9
1.1
7.8
7.9
3.9
5.7
17.1
1.4
7.0
8.6
33.3
22.5
17.0
36.3
26.9
13.2
38.5
4.5
7.6
6.4
37.3
11.6
1.7
10.3
8.5
17.2
43.1
33.1
9.9
5.6
4.4
24.1
6.3
18.6
34.0
68.2
11.0
7.8
3.2
28.6
5.5
3.7
3.9
2.5
5.3
8.0
7.2
13.3
39.0
5.6
2.5
4.9
5.6
22.6
12.7
8.7
11.3
18.4
16.1
4.2
34.7
2.7
35.5
2.9
13.4
40.5
17.1
7.2
25.8
14.7
4.5
8.5
29.7
15.6
3.6
7.9
17.5
17.1
18.1
14.7
14.8
44.6
9.4
18.8
13.0
8.4
2.7
26.4
16.5
3.5
12.7
18.6
55.5
7.8
6.4
18.2
1.4
2.5
12.8
1.0
3.4
24.8
16.6
9.9
6.0
1.7
27.4
4.0
5.2
4.9
0.5
2.9
10.4
5.6
21.6
15.7
19.5
3.5
7.9
13.4
10.8
3.6
4.6
18.2
7.0
7.0
4.0
12.5
15.1
31.3
8.4
3.5
28.4
11.0
16.8
13.5
3.3
2.3
0.6
3.1
15.9
61.0
5.0
0.9
12.7
0.8
15.0
4.9
11.3
16.1
2.1
18.9
9.3
13.7
4.3
6.1
2.8
5.9
14.7
19.4
13.1
3.2
27.0
2.1
9.8
1.0
4.1
5.2
0.8
11.1
21.2
8.4
17.2
6.9
12.2
8.6
14.1
5.4
5.6
17.7
14.4
18.8
8.5
24.4
19.0
2.1
6.7
13.4
25.8
1.8
23.4
19.0
4.3
6.1
2.8
2.2
15.2
22.8
14.3
18.2
3.2
11.2
15.2
8.6
26.3
4.1
13.1
8.2
4.0
0.7
2.0
4.9
14.4
6.0
8.1
0.7
19.0
0.3
6.4
11.9
35.7
4.1
7.8
3.4
29.5
2.6
3.3
9.8
4.7
8.2
1.3
25.6
1.8
11.4
6.8
6.8
2.0
6.5
8.9
16.6
29.1
0.7
4.4
0.3
11.6
1.3
9.7
1.9
14.6
12.2
14.2
2.4
3.6
15.1
2.9
19.9
21.6
0.4
3.5
16.6
13.0
15.1
11.0
2.6
6.9
5.8
0.1
5.3
3.2
23.9
26.3
1.8
11.8
28.9
11.1
14.6
24.2
26.8
28.6
0.1
15.1
15.7
9.0
29.1
6.1
20.5
1.2
9.0
3.5
12.2
1.7
12.4
6.0
4.7
1.1
5.7
8.6
2.8
7.0
0.9
9.9
0.4
5.0
3.9
2.9
3.1
19.2
3.4
3.6
0.4
1.3
5.6
32.2
4.2
35.7
5.5
6.4
5.5
7.9
9.3
5.0
9.4
45.6
16.6
8.2
18.4
3.0
4.1
3.5
0.0
3.1
4.0
3.5
40.6
30.5
5.4
1.1
6.8
1.6
13.3
9.2
7.1
5.7
5.7
0.7
0.9
6.1
9.4
35.6
2.7
32.9
9.7
4.9
6.5
2.1
3.2
33.8
14.0
11.4
6.0
7.1
45.1
13.5
1.2
1.3
12.9
4.3
3.5
19.0
13.9
43.9
35.5
3.6
16.0
25.6
1.8
6.8
7.0
4.2
31.7
1.8
5.6
13.2
7.9
17.2
18.5
2.7
18.8
33.9
4.8
1.8
3.0
23.9
11.6
7.1
14.1
8.2
4.0
3.1
7.8
13.1
10.0
24.1
16.5
12.2
1.2
24.0
0.7
18.3
4.4
4.9
10.3
0.4
8.5
54.7
2.1
4.3
27.0
19.4
7.0
26.2
14.9
17.8
21.2
9.5
2.8
5.1
3.3
26.4
3.7
11.7
4.8
3.3
6.3
2.7
12.6
15.9
3.4
21.1
2.3
0.7
0.7
1.1
25.8
10.0
5.0
3.5
5.1
10.1
24.9
3.2
18.7
1.8
13.5
10.3
0.4
6.5
3.1
0.0
9.4
8.2
7.7
3.5
10.1
10.8
18.4
95.6
11.9
13.7
11.5
2.2
16.0
72.9
2.6
10.1
15.4
36.9
3.9
8.3
2.0
18.7
7.0
14.9
10.2
9.0
4.5
2.7
3.9
24.5
25.2
16.7
3.0
4.9
4.0
18.1
0.7
2.7
1.5
2.5
2.2
10.4
13.6
1.0
13.5
2.6
5.2
25.7
0.5
19.4
19.4
16.7
4.7
9.9
3.9
0.7
2.9
2.4
0.7
8.5
8.1
0.3
10.8
19.5
16.2
0.9
5.5
1.0
27.7
3.4
8.9
5.1
5.7
9.6
41.6
3.3
5.3
7.8
7.5
0.1
24.8
15.0
21.0
9.8
5.7
3.8
4.7
6.8
21.0
4.3
26.4
4.5
2.2
0.4
3.8
2.2
31.6
6.2
6.7
11.9
4.1
5.5
32.3
0.2
17.0
7.4
16.5
10.5
29.2
12.2
4.9
6.6
1.3
6.6
13.0
10.9
12.1
0.0
4.9
27.1
7.2
7.1
6.1
3.4
8.5
3.5
9.4
3.8
13.7
7.6
6.1
6.9
6.9
7.3
1.2
8.9
0.9
5.9
0.5
19.5
13.2
11.0
31.3
17.2
35.7